  9
 19
 28
 31
 33
 40
 42
 46
 53
 55
 56
 68
 69
 70
 75
 77
 78
 80
 86
 87
 91
 95
 96
 97
 99
105
106
109
110
112
114
115
117
120
123
124
126
127
129
132
133
134
135
137
139
140
146
155
161
162
171
175
178
185
191
197
215
218
224
241
244
247
249
254
259
277
285
295
298
300
304
311
317
326
331
345
346
347
355
362
368
375
378
380
393
394
400
402
413
416
424
428
433
437
439
444
451
452
456
464
466
473
474
475
495
505
509
511
515
520
530
531
542
547
552
555
560
577
590
591
593
598
604
614
616
618
633
642
651
652
655
656
663
666
669
684
698
702
706
711
712
713
716
722
726
730
749
768
777
 21
 39
 44
 47
 50
 52
 54
 57
 58
 61
 62
 63
 67
 71
 74
 76
 81
 84
 85
 88
 89
 90
 92
 94
116
118
121
125
163
169
170
182
186
194
196
200
203
204
206
210
211
212
217
221
225
234
236
248
255
256
258
263
270
275
278
286
287
290
291
292
306
312
315
321
323
328
329
336
342
344
348
353
356
360
363
365
370
373
377
379
382
386
390
404
409
415
429
432
448
449
484
492
496
497
498
514
523
532
536
537
539
549
570
572
580
582
606
620
623
629
630
649
650
653
664
670
675
682
707
731
734
741
755
152
160
172
176
183
187
193
202
223
228
237
243
246
260
261
273
280
282
284
305
310
314
322
334
339
350
352
359
371
374
381
383
395
406
407
418
423
427
434
436
441
445
446
447
454
455
478
479
487
500
506
513
522
525
527
554
576
578
581
585
588
589
600
605
610
611
647
667
683
690
696
704
735
739
744
751
